	SAR11_RED_32_80M_BOWTIE2	SAR11_IOS_57_05M_BOWTIE2	SAR11_IOS_56_05M_BOWTIE2	SAR11_IOS_52_75M_BOWTIE2	SAR11_PON_140_05M_BOWTIE2	SAR11_ANW_146_05M_BOWTIE2	SAR11_PSW_128_05M_BOWTIE2	SAR11_ION_41_60M_BOWTIE2	SAR11_IOS_65_05M_BOWTIE2	SAR11_ANE_151_05M_BOWTIE2	SAR11_ION_39_25M_BOWTIE2	SAR11_PSE_100_50M_BOWTIE2	SAR11_ANW_141_05M_BOWTIE2	SAR11_PSW_122_05M_BOWTIE2	SAR11_ANE_151_80M_BOWTIE2	SAR11_PON_132_05M_BOWTIE2	SAR11_PSW_124_05M_BOWTIE2	SAR11_IOS_52_05M_BOWTIE2	SAR11_ASE_68_05M_BOWTIE2	SAR11_ION_38_05M_BOWTIE2	SAR11_IOS_64_65M_BOWTIE2	SAR11_ION_38_25M_BOWTIE2	SAR11_ION_36_17M_BOWTIE2	SAR11_ASW_78_05M_BOWTIE2	SAR11_RED_31_05M_BOWTIE2	SAR11_ION_41_05M_BOWTIE2	SAR11_ASE_68_50M_BOWTIE2	SAR11_PSE_109_05M_BOWTIE2	SAR11_ANE_150_05M_BOWTIE2	SAR11_ANW_149_05M_BOWTIE2	SAR11_IOS_64_05M_BOWTIE2	SAR11_PSE_94_05M_BOWTIE2	SAR11_IOS_65_30M_BOWTIE2	SAR11_IOS_58_66M_BOWTIE2	SAR11_RED_34_60M_BOWTIE2	SAR11_ANW_148_05M_BOWTIE2	SAR11_ASE_66_30M_BOWTIE2	SAR11_ANE_150_40M_BOWTIE2	SAR11_ASW_76_05M_BOWTIE2	SAR11_RED_33_05M_BOWTIE2	SAR11_ION_36_05M_BOWTIE2	SAR11_RED_32_05M_BOWTIE2	SAR11_PSE_102_05M_BOWTIE2	SAR11_ANE_152_05M_BOWTIE2	SAR11_ANW_145_05M_BOWTIE2	SAR11_PSW_123_05M_BOWTIE2	SAR11_PON_138_05M_BOWTIE2	SAR11_PSE_109_30M_BOWTIE2	SAR11_PSE_111_05M_BOWTIE2	SAR11_PSE_110_05M_BOWTIE2	SAR11_IOS_62_05M_BOWTIE2	SAR11_PON_138_60M_BOWTIE2	SAR11_ANE_004_05M_BOWTIE2	SAR11_PSW_125_05M_BOWTIE2	SAR11_ANW_142_05M_BOWTIE2	SAR11_PON_137_05M_BOWTIE2	SAR11_MED_18_05M_BOWTIE2	SAR11_ASE_70_05M_BOWTIE2	SAR11_PSE_100_05M_BOWTIE2	SAR11_PSE_93_05M_BOWTIE2	SAR11_ASW_72_100M_BOWTIE2	SAR11_PSE_111_90M_BOWTIE2	SAR11_ION_42_05M_BOWTIE2	SAR11_RED_34_05M_BOWTIE2	SAR11_ASE_66_05M_BOWTIE2	SAR11_ANE_004_40M_BOWTIE2	SAR11_PSE_102_40M_BOWTIE2	SAR11_ION_42_80M_BOWTIE2	SAR11_ION_48_05M_BOWTIE2	SAR11_ION_45_05M_BOWTIE2	SAR11_MED_18_60M_BOWTIE2	SAR11_ASW_72_05M_BOWTIE2	SAR11_PSW_128_40M_BOWTIE2	SAR11_PSE_110_50M_BOWTIE2
SAR11_RED_32_80M_BOWTIE2	0.0	3050.35184659624	3110.7949441362775	3452.3957174571547	2968.5534323453066	3259.5345742494364	4516.799662891553	2976.9134316117447	3030.546842914458	3612.759838492832	2909.2153483447714	4668.877112257428	3019.3784799341747	4943.872894135021	3670.940514555924	4301.173653883446	4889.335576323144	3434.8137955373854	3855.6382227554604	2927.883403007545	3278.8045889908467	2921.7763082937663	2929.5779372070374	3433.2819197738954	2937.8302142631396	3033.8194463693108	3882.4983203233833	3262.2735026348155	3386.660700213955	3113.1210251209695	3205.239539650678	5628.738026440292	3090.1763424248693	3010.2569995619256	3366.6431969218006	3292.420602745481	3185.9906887553907	3345.298955602418	4135.907113884254	2953.8264723712214	2927.34442346577	2905.969404839975	3541.1262525343577	5155.879813675592	3116.7402649325354	4923.0712454906725	4192.819636457567	3729.416155559056	4913.541937278024	3964.185613953317	2986.3427637211976	4000.7336349044913	3938.0948952648455	4904.610483788717	3357.516693019173	3400.105487913066	5013.214592453502	4041.601580136794	4970.681675219313	5959.687011491066	3684.7492122467997	4885.547474968622	3031.0172125389	2970.864882896302	3153.3536591268366	3725.1203950006475	3680.832171987815	2992.4449034330555	3852.8706714744503	3318.1550329370693	5125.870620998214	3444.8916292381364	4436.659014216709	4050.7923671746785
SAR11_IOS_57_05M_BOWTIE2	3050.35184659624	0.0	2842.467603641613	3350.8048290453517	2681.384341140386	3116.314730526087	4404.795070320553	2739.1567942443216	2785.066709333108	3479.5963688029	2633.2093163828627	4554.436456475421	2709.127544789382	4820.065273927984	3541.7708517816877	4190.2695140453925	4780.225142401362	3315.6397156041494	3732.532125654069	2682.034194859683	3114.8618904750756	2672.5698357201995	2670.5308921890637	3310.5732091674704	2855.2905561110015	2793.5863623052705	3749.79232048263	3098.098061462277	3247.9184081701583	2963.367378241059	3042.5289372325833	5491.107655027944	2833.513820514511	2722.1122551806498	3289.212807959719	3159.684474117896	2990.2891558502038	3210.273011140462	4045.3419606609395	2701.2547516084624	2668.4039753908396	2789.914491096601	3381.9036052672977	5047.156367099894	2894.958204623422	4799.956812110085	4061.7862859966694	3584.482632246954	4785.067166825503	3821.769808881448	2689.1420631245046	3862.153395002961	3827.3496335934224	4786.124722539353	3244.7468581294747	3258.967017109107	4880.883028533033	3926.1427890720447	4853.642731228799	5825.139853099034	3600.7199727873267	4777.015929680171	2786.116697740068	2708.3131005348623	2954.2781168216384	3605.5497254739826	3519.3054350788984	2807.321120653521	3723.382393062301	3177.656382126802	4986.201057045927	3340.7214488936675	4332.635006148947	3920.9205635692324
SAR11_IOS_56_05M_BOWTIE2	3110.7949441362775	2842.467603641613	0.0	3388.251659140166	2822.6298006687825	3167.159198927959	4419.1047811157405	2841.535750283318	2862.5427736824427	3533.0333614978813	2766.761861256502	4589.454821846067	2865.347312231725	4843.218988843701	3598.8327055498066	4214.633020389493	4802.539876725711	3355.766138862822	3786.4466923668333	2805.2997989944924	3163.981245660415	2788.7193392790637	2804.9435109036963	3354.983586649066	2934.63935740995	2876.1003670534237	3805.7887744362165	3162.2424798603033	3305.381468618481	3027.7847778174496	3085.4527557712713	5527.159274129814	2910.6540499147286	2818.5658412328467	3358.779778297519	3210.960212193036	3057.5535583394185	3269.5926849208204	4069.5681998997698	2844.5503738845773	2804.0174921494568	2876.175108690936	3441.8100195189695	5086.45107323023	2997.1508466442174	4826.690832616619	4086.695790003016	3625.82736216587	4822.146497146775	3861.50373270322	2802.3234390860666	3902.1592889077715	3872.185395233437	4813.460381428064	3287.988663789633	3311.678273470627	4928.381587976769	3963.4914986825843	4881.490980657316	5873.308633715924	3627.4755073009514	4802.550118932108	2872.187138492946	2849.8746258208653	3020.9303456847388	3652.1686359917144	3581.1607219660987	2888.0710956325656	3744.884195529818	3218.2607595495524	5040.906714560685	3374.029837237148	4355.789618931289	3952.424799806671
SAR11_IOS_52_75M_BOWTIE2	3452.3957174571547	3350.8048290453517	3388.251659140166	0.0	3344.022398208083	3422.3274133465316	4525.21843598277	3312.737961643755	3303.538413177796	3749.750811892848	3297.950243106171	4679.22162332548	3405.4814417099833	4953.752274870221	3798.7974660417067	4356.530576258964	4897.964526230805	3511.309291494179	3966.722490217934	3323.522566522053	3439.2250656225096	3288.084388377	3321.854880613521	3566.3236093435817	3363.266726624532	3350.5247054694833	3992.706318695236	3496.8250944641136	3531.686755766182	3337.2177665903914	3354.2452328711106	5639.705173724202	3355.318549601325	3300.897550003387	3616.7294557767455	3454.4929360602996	3410.5406040005396	3494.7787030249256	4227.116330078343	3377.0598127222866	3318.720047659251	3331.2992990529583	3730.389498512902	5230.014331621477	3435.0809223323745	4924.910981696672	4219.704740364454	3840.242748371164	4908.2633289953255	4012.2163562353785	3316.4786565595546	4031.8769185688802	4050.1279069158527	4916.172648651044	3503.0875457913085	3566.0850610253947	5092.044576671155	4094.60622408876	4975.936010357835	6032.2772747583695	3704.1779208715534	4879.383527257795	3340.459573451783	3384.2941753193722	3402.166599428816	3810.92178505168	3864.945790922356	3291.718462409593	3921.3091603751554	3493.947527733119	5193.529666755651	3566.5833745545915	4442.498335236658	4107.207067884345
SAR11_PON_140_05M_BOWTIE2	2968.5534323453066	2681.384341140386	2822.6298006687825	3344.022398208083	0.0	3039.2253627069717	4321.938252505306	2539.7744812398755	2715.3012628375836	3325.5407913712766	2353.5541452318594	4434.086885107559	2408.96813112448	4738.540206688202	3384.764157237873	4211.66750636456	4702.9735885105665	3292.4680167109777	3618.1073997178282	2356.1919393920825	3098.346978690861	2422.0255018813123	2323.6717781052253	3264.292368601086	2749.0085397271487	2719.7269306753087	3650.813042742887	2848.345540214724	3113.1852165363794	2837.7586888366313	3016.7604221907695	5374.958176988289	2770.750326208996	2660.0103756552417	3176.433376800991	3085.8607585425393	2864.6484283104587	3091.0973322651134	4048.763996725181	2413.3112456819476	2336.5278951429673	2655.468592191687	3119.3319452130545	4904.015816131896	2687.16824244233	4721.7448158859925	4009.4300705427677	3398.408342989647	4694.904319563615	3686.359937706219	2605.5750294045915	3733.6475682513737	3678.328267857902	4706.103569933928	3226.34862055486	3083.49003213685	4739.569210842247	3795.0765583336342	4754.2745722494365	5651.655269820209	3577.7497203663993	4667.655283564124	2721.9953703506962	2390.6959435476792	2821.0581509132103	3464.090076595398	3273.4091129892727	2691.1022353543194	3760.830058494612	3186.5636479158543	4847.562014761783	3313.322977681515	4264.997321382447	3788.8406467926743
SAR11_ANW_146_05M_BOWTIE2	3259.5345742494364	3116.314730526087	3167.159198927959	3422.3274133465316	3039.2253627069717	0.0	4466.496273671293	3019.3900379358147	3065.4436294012253	3544.0694967887985	2991.7891061141745	4587.753583341534	3089.2462243770215	4898.390065692139	3607.0233649900333	4300.346843255172	4855.425579825308	3438.1260558445724	3804.5343746080403	3011.7380454631952	3294.250278729298	2979.4239899448153	3004.687818319074	3397.8565729819843	3142.578214173929	3100.747046900399	3829.3449428148	3280.0022896796804	3316.987768113349	3068.4368329706545	3198.964648175614	5560.372685661476	3107.1711091300544	3062.4717147186702	3414.64939654245	3212.849482636941	3194.7925177461348	3273.1007471241173	4125.203729934922	3074.0985604243174	3000.522177465773	3090.416743560597	3549.573937656316	5074.945814624179	3127.49188529677	4877.794481213454	4145.696392455126	3694.454475341332	4856.410211552278	3915.8700098229906	3059.6129874387852	3899.605157368598	3872.2101610599398	4862.388605868819	3311.0260482691256	3390.708299618886	4933.257102802012	3971.049942720472	4922.537942361317	5898.756464807806	3639.6139395574114	4805.126045989807	3104.474969874858	3082.8733652498913	3151.533460990994	3649.7590569111912	3673.661987692704	3036.0338834165427	3879.038846480349	3372.240229352769	5042.251969478799	3453.999535003911	4396.4206588956	3987.7708774967678
SAR11_PSW_128_05M_BOWTIE2	4516.799662891553	4404.795070320553	4419.1047811157405	4525.21843598277	4321.938252505306	4466.496273671293	0.0	4328.491608681116	4362.249539215194	4615.865987823314	4303.65309200295	5042.947010097479	4385.682937743475	4899.590757128933	4653.569925145068	5331.027807242822	4835.861766822841	4500.39841987382	4849.79692395556	4310.618293162481	4500.324149779768	4289.95009605178	4300.389032950709	4578.262501992389	4426.6671996197765	4431.574752576405	4892.1513454404385	4308.654621019371	4476.303350645219	4354.2646968533945	4429.41644366396	5897.55535245263	4400.30303421685	4359.344425184735	4618.68942092976	4495.8337727711505	4430.231962276478	4453.595047351971	5203.368560023724	4373.59108671423	4298.030353841239	4389.869887143512	4496.2962708152	5876.378260125408	4415.995918103191	4886.24618436147	4701.140652362319	4426.130133932458	4933.64638964809	4471.400416515421	4369.8625375024385	4689.102242896356	4905.808400491267	4870.021131304835	4576.121246622686	4349.11820495082	5822.146636393545	4809.845052315006	5000.724120492953	6572.980918427583	4689.426720360811	5119.265876426687	4421.705105640929	4370.988770927945	4395.340593391328	4658.178398467067	4612.912505030203	4342.328390880253	4996.730539788731	4600.860403865784	5919.258102461347	4625.313601488047	4553.677847901211	4534.416206926889
SAR11_ION_41_60M_BOWTIE2	2976.9134316117447	2739.1567942443216	2841.535750283318	3312.737961643755	2539.7744812398755	3019.3900379358147	4328.491608681116	0.0	2717.788160674383	3344.586751265932	2473.771266867477	4458.681777614781	2623.614859143139	4752.531284450705	3398.253031039522	4207.271751943587	4711.088965151199	3277.3024310588453	3622.3095103769424	2497.91415813525	3078.348414409527	2491.252303955479	2491.4615124151564	3247.792464169481	2779.0003566075993	2721.178317155148	3647.406961419852	2946.995798337926	3114.5028151164893	2826.857951403512	2987.905416986467	5411.887175794271	2766.138034481399	2690.531478450984	3153.787458029268	3070.0810275467466	2866.6661726113766	3084.1461955077298	4024.738279434999	2586.7126797595647	2494.9856251649935	2706.885899448657	3229.9784194668327	4933.707938929191	2753.540744486782	4735.728188803703	4000.0475485294423	3455.264056803373	4712.44972330127	3716.564907791867	2649.072717077514	3740.132982014149	3693.3179706287474	4717.964894294666	3192.537090448132	3126.0632790774544	4778.719539837824	3811.5349381627802	4777.230764565396	5725.732292351522	3551.6216164659113	4681.394146355394	2733.2814651101935	2573.342665139366	2838.259436836078	3472.474296481973	3376.537703996792	2681.0629827549396	3757.5672403998947	3178.375565388746	4883.320057422064	3301.4397861366283	4261.632659265845	3816.3663420202956
SAR11_IOS_65_05M_BOWTIE2	3030.546842914458	2785.066709333108	2862.5427736824427	3303.538413177796	2715.3012628375836	3065.4436294012253	4362.249539215194	2717.788160674383	0.0	3420.964114925324	2647.348785660344	4515.461070587564	2771.7048629385645	4789.326914640851	3480.5670621686536	4193.985328844494	4744.511914097966	3290.8514019363447	3683.863043887334	2689.9266631717596	3088.696744071025	2665.2516897081005	2682.92215814276	3272.8714412042996	2838.432363676981	2797.603472634392	3697.8639120439047	3055.752824466644	3201.447923098708	2911.4756831385835	2993.8623655354336	5458.394622094591	2814.1051866034986	2733.4840994223255	3236.906281858717	3104.4063258337424	2935.324443044266	3153.623539442552	4026.449501423698	2740.3860642211425	2688.3399268413973	2781.432110395977	3343.444412606485	5006.920683899783	2876.487402917645	4769.401696962663	4032.4672132409305	3529.3620491494203	4758.799978072919	3778.4569697406682	2712.297933963183	3804.309599296218	3758.5398891521595	4752.298452768107	3204.1152624494457	3208.66304508031	4846.083449066611	3874.925988154414	4816.137751195024	5799.311953467855	3546.06490543797	4735.344933219413	2791.520981198673	2741.7519276337935	2897.712972487582	3541.123065818994	3486.91771318937	2765.195893236704	3741.826850711478	3189.8298872320543	4952.884311272021	3317.6466608762494	4288.532397569567	3869.382639820961
SAR11_ANE_151_05M_BOWTIE2	3612.759838492832	3479.5963688029	3533.0333614978813	3749.750811892848	3325.5407913712766	3544.0694967887985	4615.865987823314	3344.586751265932	3420.964114925324	0.0	3308.051649743867	4625.190572013704	3415.148000942579	5013.784587317905	3528.8481411931766	4574.780390229045	4979.330969098762	3751.6695450876864	3915.4633045681967	3302.6596379198286	3635.5989891733357	3274.278367689393	3296.954313691395	3684.4205954984495	3502.717231647392	3485.3310389622475	3962.916839412493	3469.1566749968524	3409.0546700147	3364.0554202229805	3551.047737008797	5515.569589510004	3476.557455334043	3425.8534593266927	3713.334858510509	3564.9133714136797	3469.005862612273	3419.214268786625	4440.65183751908	3396.7225512517202	3290.9162322101147	3452.8451496630923	3654.354232002515	4972.796753478739	3393.614874262261	4997.365074024527	4348.261669902012	3813.270045225095	4948.066231178584	4016.3548730635507	3416.596396215751	3965.3888051453273	3824.2545789718847	4977.948518635967	3715.6726631956662	3556.765393749855	4851.739860194632	4072.7981946397604	5000.5738904652335	5853.428063346384	3910.6190924786456	4862.001620301016	3491.274631319522	3392.781428520455	3436.445027311008	3634.549745877015	3746.252125987128	3396.7882661138483	4245.717839266539	3759.1511709437623	4944.226703143026	3799.1549801645306	4550.5472658177805	4088.5554761833246
SAR11_ION_39_25M_BOWTIE2	2909.2153483447714	2633.2093163828627	2766.761861256502	3297.950243106171	2353.5541452318594	2991.7891061141745	4303.65309200295	2473.771266867477	2647.348785660344	3308.051649743867	0.0	4434.129053385727	2416.238245353981	4718.620084737632	3371.7130369693878	4167.600834804034	4681.519223225694	3240.2746812303208	3594.163505026898	2331.7102991304105	3042.055499987563	2371.118363337622	2307.7473229483535	3219.01528757974	2699.4580471413337	2640.189553079674	3625.384069388184	2857.589801490779	3083.7210887467477	2791.96327877175	2959.174603960315	5370.769382343235	2710.744453515828	2608.0156855998157	3129.156922003778	3033.047923957652	2824.9990378820653	3048.7540832764485	3995.7330557962728	2388.036356092974	2317.907758640399	2599.5996509102283	3148.680980209427	4892.788210421508	2664.727408448686	4704.258792262302	3984.000014171688	3392.62505614754	4681.159828564873	3675.498321419585	2545.003865803652	3715.962898918527	3658.8015451075803	4685.140377245081	3170.2893123761405	3079.5296736652404	4745.052492803771	3775.1861525503323	4737.499596812576	5656.5343516826515	3536.7777127497084	4660.107333942865	2649.2999821140493	2370.9024087979037	2792.5026382525716	3446.1026010536166	3290.256330544585	2625.7785648637478	3712.7849484890185	3123.1163278530926	4839.815001825187	3268.08482010094	4241.440170445869	3775.6265304312856
SAR11_PSE_100_50M_BOWTIE2	4668.877112257428	4554.436456475421	4589.454821846067	4679.22162332548	4434.086885107559	4587.753583341534	5042.947010097479	4458.681777614781	4515.461070587564	4625.190572013704	4434.129053385727	0.0	4501.304117781452	5350.725140170778	4655.267141967825	5487.872688778967	5303.82552179025	4699.992491242889	4889.333240953584	4425.694060732364	4645.401668546738	4418.424957979975	4416.249405181661	4688.990433343503	4594.949455658405	4583.0568450123465	4952.394329614512	4394.05784464706	4540.439791653899	4464.659040123943	4579.232805216787	5901.425964762016	4543.071778188807	4516.153915373623	4713.763908097275	4611.689529669801	4540.40496088246	4531.974157557617	5337.266780562435	4500.5313191821015	4412.6896292675165	4554.275263876268	4475.33311731237	5727.2618336987425	4513.4201010441075	5342.287505585832	4997.926431946065	4492.528219105043	5185.002088079983	4565.563002131039	4525.22070791475	4634.63341387647	4921.565294882286	5321.813417959361	4720.6557498538195	4422.848323667413	5744.554636473116	4811.083651924903	5272.078847563566	6380.886763725718	4802.418829083316	5090.203343034356	4593.24019165426	4488.0814637803	4518.406167954752	4667.389214904978	4551.736812413308	4494.965556592294	5172.398206322563	4773.132163090757	5851.2439686551	4771.05463116187	5001.388464082813	4613.809916289681
SAR11_ANW_141_05M_BOWTIE2	3019.3784799341747	2709.127544789382	2865.347312231725	3405.4814417099833	2408.96813112448	3089.2462243770215	4385.682937743475	2623.614859143139	2771.7048629385645	3415.148000942579	2416.238245353981	4501.304117781452	0.0	4799.620572801977	3472.4663967735164	4243.390698871564	4764.731596257678	3360.815415135362	3684.5414584705113	2466.095733199189	3146.1566952128233	2522.980032113468	2441.0389169566315	3317.9710995256046	2798.4410855449632	2780.6373611893055	3711.112299538397	2988.1518786350593	3195.776982035632	2901.39054609775	3072.907986461826	5436.329909043185	2814.003886955839	2715.7027443480333	3243.7733301136473	3139.1881833664256	2947.6153733335495	3165.523283835914	4068.9506092636875	2427.8060864005724	2453.260457679346	2705.0462199139934	3257.5385084406694	4961.760019545515	2756.2623919173725	4788.016752446544	4072.3075214029454	3507.717568659372	4753.410888892612	3780.7001033823344	2649.4699844919405	3805.290763846169	3762.815746058816	4772.387155806588	3262.7891736030747	3201.1090973200235	4802.782635834235	3875.240057839197	4818.9543504664825	5724.751641866624	3631.351124289398	4728.115400873945	2770.019711071802	2399.967736910874	2904.2914560801546	3536.906910986346	3402.4325495796247	2774.58108215933	3796.4295586877593	3230.1490371270957	4910.966167560521	3376.8792648907056	4325.102097726678	3875.248267526829
SAR11_PSW_122_05M_BOWTIE2	4943.872894135021	4820.065273927984	4843.218988843701	4953.752274870221	4738.540206688202	4898.390065692139	4899.590757128933	4752.531284450705	4789.326914640851	5013.784587317905	4718.620084737632	5350.725140170778	4799.620572801977	0.0	5048.372030907997	5717.648648773607	4869.913495845651	4905.716346247554	5255.040331504106	4723.667142988425	4922.795896057661	4707.228951815861	4719.05088066348	4995.464559259124	4848.952220842641	4844.475491792206	5293.917021653828	4726.4665492141885	4890.33616058475	4778.479974321204	4858.31269816008	6132.160875337973	4829.3685374983515	4785.944972997585	5042.936053708732	4917.18167605656	4856.040691028854	4864.475558252402	5581.154997501022	4784.539759248155	4713.680665346791	4805.16643569304	4886.194621138203	6217.28470626266	4832.504733397706	4913.038408025255	5039.3185158291735	4812.8578584111265	5126.304004797059	4841.898028122609	4789.834051926939	5066.70839992204	5287.136580245696	4864.378616741475	5001.111261536785	4762.943589279571	6179.654422922256	5179.026023590411	5207.368208172505	6878.11386715233	5103.287738734692	5387.089731142268	4842.661982855472	4778.575088673477	4820.17368351144	5052.7133690281125	4991.310109197082	4774.8818281618815	5389.153582795107	5005.261026113911	6268.847437710548	5034.496293614023	4871.888495644548	4892.122310541031
SAR11_ANE_151_80M_BOWTIE2	3670.940514555924	3541.7708517816877	3598.8327055498066	3798.7974660417067	3384.764157237873	3607.0233649900333	4653.569925145068	3398.253031039522	3480.5670621686536	3528.8481411931766	3371.7130369693878	4655.267141967825	3472.4663967735164	5048.372030907997	0.0	4652.0535129933605	5011.0226680641235	3813.372799257602	3960.4829103944526	3359.3315679014504	3693.0674767814817	3342.6349770403403	3359.8129530092965	3744.906519521501	3560.761365358933	3557.4596704355977	3999.1606896133208	3522.693528076293	3474.5366777604513	3423.2070311905813	3618.606785220148	5547.654874878554	3528.608128572902	3485.823622427527	3775.458978926409	3626.1817994999765	3525.57996888083	3480.22607230712	4500.348855035351	3462.0884681176303	3348.4553352632556	3511.4580839416462	3705.9400638080665	4975.74237800215	3449.3393049298584	5029.855182613298	4396.972269979259	3858.6864326976065	4976.853419781673	4063.1779071642545	3475.121169632693	3995.8257300644964	3872.132012050193	5014.204140684064	3777.0105996101697	3606.614738770622	4883.528040259884	4104.159767494348	5031.546767963596	5874.640595297806	3956.8177858064173	4881.794667195992	3555.214516079443	3453.3203743265003	3482.3518478966444	3658.3144124159953	3797.9635851042813	3450.11347870946	4299.494900204634	3827.272173188901	4983.197877025037	3863.5619756267533	4591.073494580782	4141.038252940624
SAR11_PON_132_05M_BOWTIE2	4301.173653883446	4190.2695140453925	4214.633020389493	4356.530576258964	4211.66750636456	4300.346843255172	5331.027807242822	4207.271751943587	4193.985328844494	4574.780390229045	4167.600834804034	5487.872688778967	4243.390698871564	5717.648648773607	4652.0535129933605	0.0	5669.824158095362	4357.372842970366	4783.159506136148	4192.655431452935	4296.186820817762	4179.476838546184	4199.780848307517	4355.07769796137	4211.409830421003	4187.94072291913	4827.803488231634	4377.283390736407	4397.321901051656	4238.291440437077	4230.629668002322	6287.309455469174	4245.388819122022	4181.299775218308	4515.794184549899	4326.2080016306445	4312.380845655717	4361.704540607261	4752.750004127164	4229.45293584557	4195.8148144729785	4188.726024109263	4598.636203318893	5931.027920707543	4301.8545550830395	5691.042211467603	4991.034157562952	4713.085460189643	5690.021944209165	4873.189515310265	4180.359795248504	4910.045747427096	4823.718832480491	5686.799482184615	4291.850024855892	4460.721219775853	5765.439074661208	4906.609948332905	5745.125936587765	6731.116849390408	4511.897855422995	5677.122022501588	4183.004972294338	4242.0641852240715	4302.2753894199495	4678.161051790747	4711.105689855902	4202.460094503679	4479.802942898897	4204.696388616765	5871.414297021922	4337.917725065642	5263.406475749517	4943.282734402651
SAR11_PSW_124_05M_BOWTIE2	4889.335576323144	4780.225142401362	4802.539876725711	4897.964526230805	4702.9735885105665	4855.425579825308	4835.861766822841	4711.088965151199	4744.511914097966	4979.330969098762	4681.519223225694	5303.82552179025	4764.731596257678	4869.913495845651	5011.0226680641235	5669.824158095362	0.0	4864.623342637905	5215.690032503154	4690.253462205848	4873.860406514306	4668.7880977168425	4681.813495536567	4949.310439366553	4806.764315017627	4806.561706308518	5251.610790270363	4678.4540190692205	4844.20178379496	4733.825588417055	4806.816321357859	6089.001573714239	4780.886823697009	4739.750593468148	4985.018206585445	4881.077395200461	4808.13085535859	4826.877796897379	5553.477339237621	4748.90400816808	4676.675865947141	4768.422928529508	4835.06293980913	6185.169898176209	4790.979477176456	4874.248396997046	5007.725638788507	4757.348342839708	5055.223305439795	4786.690602609645	4746.2398500568115	5024.137791191683	5255.036756992615	4801.673271180687	4951.440612185093	4716.088447888055	6141.431011731221	5136.137194633209	5155.054766751242	6847.530099137897	5059.908089217944	5341.673854544656	4806.593567693537	4740.991091161159	4780.1909385862555	5014.8826188935745	4949.329399327046	4736.325386771093	5350.947138430887	4961.783898855161	6237.748028622762	4992.8849721454035	4804.2360201704105	4838.448212783531
SAR11_IOS_52_05M_BOWTIE2	3434.8137955373854	3315.6397156041494	3355.766138862822	3511.309291494179	3292.4680167109777	3438.1260558445724	4500.39841987382	3277.3024310588453	3290.8514019363447	3751.6695450876864	3240.2746812303208	4699.992491242889	3360.815415135362	4905.716346247554	3813.372799257602	4357.372842970366	4864.623342637905	0.0	3993.6484055902265	3268.6026493735512	3448.8034695358547	3241.469337325966	3263.3228378121453	3577.4932187700956	3330.122694717942	3304.077317599297	4014.3801182944267	3440.858973824208	3540.5601885630717	3334.9056435349307	3369.7520912272894	5615.017880983151	3344.660484878327	3281.3536289662384	3612.366629854328	3477.4243470071556	3428.163472874757	3504.5959825791206	4228.345404192535	3323.0597601973927	3261.3751321352647	3306.203008377541	3692.457606807713	5245.965237121017	3404.143487146179	4884.3568439785695	4162.4203661533975	3803.3535434494815	4881.444244347776	3996.6265083271983	3273.5589992643168	4045.926597266768	4049.265971293359	4880.141097983117	3518.823432542074	3516.7548781201554	5103.728866632249	4088.0852912875566	4941.905231135154	6027.45710021177	3760.624409751686	4878.295773163608	3297.994400524216	3333.0290938351354	3387.9364296572526	3843.49175167171	3825.668043553164	3266.8107767399315	3889.950578961293	3453.072155512603	5207.728002144722	3543.4437362642584	4416.916232031138	4080.122052238502
SAR11_ASE_68_05M_BOWTIE2	3855.6382227554604	3732.532125654069	3786.4466923668333	3966.722490217934	3618.1073997178282	3804.5343746080403	4849.79692395556	3622.3095103769424	3683.863043887334	3915.4633045681967	3594.163505026898	4889.333240953584	3684.5414584705113	5255.040331504106	3960.4829103944526	4783.159506136148	5215.690032503154	3993.6484055902265	0.0	3591.511474716095	3867.674813426805	3579.2575322508787	3590.4387474137798	3945.5725632515087	3735.383131957964	3733.2160809275165	4170.4045919343935	3779.6464233695415	3759.760688011061	3665.3466781681627	3791.446187424099	5759.424855258867	3718.2499685790344	3684.918263233275	3954.38939665444	3825.7081999018214	3705.4151056172695	3740.6500110076013	4658.496692970976	3664.9922355585063	3589.3126094352765	3699.74173050071	3989.564308505314	5231.768158201696	3695.3433587647332	5232.031410673104	4580.1788765820265	4125.172702912493	5185.470931702025	4304.834251827469	3680.7746486382184	4247.1104054289135	4163.145399245535	5226.854528171031	3949.932379646617	3863.647261708336	5115.956141370244	4337.954953378521	5236.56533121536	6117.7115268223415	4128.439375732422	5088.205849512313	3736.227726474688	3660.8507351409753	3692.3394710041293	3974.7823993791385	4083.9477877485115	3642.6993229636914	4445.494631367894	3990.351633099	5204.567780199055	4031.7792417400315	4785.083037895644	4378.21167448876
SAR11_ION_38_05M_BOWTIE2	2927.883403007545	2682.034194859683	2805.2997989944924	3323.522566522053	2356.1919393920825	3011.7380454631952	4310.618293162481	2497.91415813525	2689.9266631717596	3302.6596379198286	2331.7102991304105	4425.694060732364	2466.095733199189	4723.667142988425	3359.3315679014504	4192.655431452935	4690.253462205848	3268.6026493735512	3591.511474716095	0.0	3071.7446898096805	2366.4259253025325	2260.295861295731	3237.0426125849676	2715.532509290639	2690.8082894096697	3621.452809435296	2839.1001072834965	3082.9798627383066	2799.376409775734	2986.693967715747	5367.372929704285	2748.1992073702404	2643.6895612899675	3144.776975343966	3050.046132438641	2842.288549657153	3057.031242601767	4027.502878778274	2421.2859301963285	2272.5172807178155	2619.033482950857	3117.701620793108	4888.150240037281	2663.963880448228	4706.922959739486	3991.9256235649486	3383.4957362938026	4679.072941448589	3668.823615896976	2590.503408526179	3709.9104310058738	3654.9577024741716	4692.527728592027	3187.3825252251654	3065.373848325812	4729.492134021797	3775.6927099981476	4741.367586843586	5636.820858837992	3555.857069020387	4653.830054847902	2701.3294266349035	2391.9876968139797	2802.6891508569593	3438.750913735293	3262.8401497837417	2659.2247364835675	3743.6294220907803	3161.342882192951	4832.108519766725	3293.3272987191986	4253.707106160775	3770.830307770161
SAR11_IOS_64_65M_BOWTIE2	3278.8045889908467	3114.8618904750756	3163.981245660415	3439.2250656225096	3098.346978690861	3294.250278729298	4500.324149779768	3078.348414409527	3088.696744071025	3635.5989891733357	3042.055499987563	4645.401668546738	3146.1566952128233	4922.795896057661	3693.0674767814817	4296.186820817762	4873.860406514306	3448.8034695358547	3867.674813426805	3071.7446898096805	0.0	3040.549830347749	3067.26647583629	3438.9657621613565	3156.858024049752	3126.7709834100524	3891.430465054445	3345.7590494072047	3413.5183048338768	3179.8339250766826	3209.5405642560277	5605.22828617013	3128.7714073386605	3073.645315965826	3481.5150239832365	3326.611159082325	3241.5264209301317	3382.5384239662517	4153.609720089199	3122.7149608524583	3071.2782232090453	3106.6300572063533	3602.2845083519214	5153.405364694037	3215.949281188369	4899.715314536917	4183.424766541622	3755.066676878997	4880.0434213231365	3953.7099922832654	3070.4693638334916	3978.4553879475156	3970.971168637023	4887.9227479601	3395.6234507669074	3454.5121102259336	5012.329153210586	4039.7198381091207	4939.032706998977	5968.82780995121	3666.0817768434526	4855.325198752665	3122.4093604061545	3126.9084112939645	3200.320726463771	3726.55819703148	3731.1045691606414	3082.56271662211	3844.158254331744	3356.402623082217	5113.952100282138	3467.282719390417	4420.194473039489	4037.5489253713563
SAR11_ION_38_25M_BOWTIE2	2921.7763082937663	2672.5698357201995	2788.7193392790637	3288.084388377	2422.0255018813123	2979.4239899448153	4289.95009605178	2491.252303955479	2665.2516897081005	3274.278367689393	2371.118363337622	4418.424957979975	2522.980032113468	4707.228951815861	3342.6349770403403	4179.476838546184	4668.7880977168425	3241.469337325966	3579.2575322508787	2366.4259253025325	3040.549830347749	0.0	2349.9900614919543	3208.2195859742546	2719.5813790505035	2670.3612054503837	3597.514858957564	2849.330529506996	3058.2618327050554	2770.826684930293	2951.84551797931	5361.726142370984	2725.0346093777353	2625.8335848291695	3102.829607005022	3020.426913339111	2821.874504564728	3025.149015693727	4004.687170284729	2481.2458639700253	2354.0124586780444	2626.904256420439	3138.407978043401	4881.070401477159	2675.419498831165	4694.431980967394	3973.040733880276	3381.610205895939	4667.857032371586	3652.9880337201816	2582.844597369959	3690.6921207300256	3641.712705376976	4670.661520216699	3160.0871939593	3058.0671776135373	4730.100438565512	3760.5761418673114	4732.375329026928	5652.245389804346	3524.034808534646	4641.153816765973	2686.476712123205	2459.2788516150686	2772.098877377583	3414.730909071051	3276.2450614757654	2615.9508938914114	3731.8318630324857	3140.8522510588923	4830.596530711063	3269.424008151353	4230.651009030287	3758.396595057506
SAR11_ION_36_17M_BOWTIE2	2929.5779372070374	2670.5308921890637	2804.9435109036963	3321.854880613521	2323.6717781052253	3004.687818319074	4300.389032950709	2491.4615124151564	2682.92215814276	3296.954313691395	2307.7473229483535	4416.249405181661	2441.0389169566315	4719.05088066348	3359.8129530092965	4199.780848307517	4681.813495536567	3263.3228378121453	3590.4387474137798	2260.295861295731	3067.26647583629	2349.9900614919543	0.0	3232.4550438367473	2713.339877843978	2679.343981780168	3620.05577777723	2814.2391500121344	3076.434897597376	2792.4163916041302	2981.840509591684	5352.858746780209	2739.872064950606	2642.407128217419	3140.442150736232	3050.630107132461	2833.213134306428	3051.314573653391	4032.331934376599	2393.9210640172937	2233.4083897968644	2613.2021123193995	3097.075809276982	4874.676407828377	2652.708569120097	4698.771026392985	3986.9267486909634	3371.0911481640396	4671.16261372068	3654.68824640783	2580.2434991956775	3706.686094725321	3651.5961476362795	4684.602404844332	3195.280390057109	3055.7626580980887	4722.6334745739005	3771.0690219181965	4730.183034682049	5624.346182339263	3557.151138649698	4644.31508060332	2688.870621819571	2361.713991225747	2795.0229677847447	3434.230727921913	3241.0700395247122	2653.0431170303277	3748.84628240059	3164.3846069380324	4821.204394305391	3294.420015432259	4242.770623169345	3764.41133247788
SAR11_ASW_78_05M_BOWTIE2	3433.2819197738954	3310.5732091674704	3354.983586649066	3566.3236093435817	3264.292368601086	3397.8565729819843	4578.262501992389	3247.792464169481	3272.8714412042996	3684.4205954984495	3219.01528757974	4688.990433343503	3317.9710995256046	4995.464559259124	3744.906519521501	4355.07769796137	4949.310439366553	3577.4932187700956	3945.5725632515087	3237.0426125849676	3438.9657621613565	3208.2195859742546	3232.4550438367473	0.0	3324.3945142336775	3304.1267180620757	3962.438966392084	3448.4343545575193	3482.9027821010714	3282.432299725161	3361.1712569040033	5635.405068327687	3309.0436394175376	3267.7361374088186	3612.1953594018564	3432.4506526067617	3368.570960212538	3448.522163051591	4200.851461933278	3293.190871139176	3228.1289182629866	3284.027748298029	3708.0100540573226	5185.286728076558	3353.1199681116323	4971.20894356196	4271.8852240477045	3828.944376463722	4940.99021926905	4036.964282637335	3271.471128232537	4033.4151070448765	3989.104003690599	4961.631537658119	3502.7043903556055	3547.335207634173	5036.717990162166	4098.190505713211	5009.018240665586	6013.597208858825	3760.8624012446558	4913.821768364309	3299.151292859211	3299.326992079431	3352.816283223706	3778.3511320490684	3814.011940000393	3249.953951859302	3976.7690455187753	3497.8643160177107	5150.140176795039	3576.924723410044	4502.845027008764	4109.327170362618
SAR11_RED_31_05M_BOWTIE2	2937.8302142631396	2855.2905561110015	2934.63935740995	3363.266726624532	2749.0085397271487	3142.578214173929	4426.6671996197765	2779.0003566075993	2838.432363676981	3502.717231647392	2699.4580471413337	4594.949455658405	2798.4410855449632	4848.952220842641	3560.761365358933	4211.409830421003	4806.764315017627	3330.122694717942	3735.383131957964	2715.532509290639	3156.858024049752	2719.5813790505035	2713.339877843978	3324.3945142336775	0.0	2843.3216401402588	3763.020907558041	3103.6272053741354	3263.543349535536	2980.058889704644	3082.8450310132234	5540.33400536392	2914.331057580822	2824.114652453614	3242.8524097218515	3178.2570105613268	3019.914005106804	3235.423524594366	4048.0756322370403	2716.745007691537	2721.35900431039	2697.8480977672248	3400.9475479591565	5080.2473695717645	2936.1766840901455	4832.929642400948	4083.8405622280875	3600.553902333311	4828.298154768609	3860.631751165011	2781.4477020501417	3904.1079676742506	3829.2459405924133	4817.736139507982	3254.7663631840455	3274.2392403532795	4910.821412018975	3935.600102517887	4892.065276403058	5874.245845615722	3605.226073471593	4813.734710940622	2825.57608896601	2731.180702626283	2985.085113204975	3624.2817868878406	3551.717120732799	2829.017682151155	3736.4718718255126	3208.161386312734	5019.716280741495	3352.699371497677	4363.4043515453595	3954.6978509502637
SAR11_ION_41_05M_BOWTIE2	3033.8194463693108	2793.5863623052705	2876.1003670534237	3350.5247054694833	2719.7269306753087	3100.747046900399	4431.574752576405	2721.178317155148	2797.603472634392	3485.3310389622475	2640.189553079674	4583.0568450123465	2780.6373611893055	4844.475491792206	3557.4596704355977	4187.94072291913	4806.561706308518	3304.077317599297	3733.2160809275165	2690.8082894096697	3126.7709834100524	2670.3612054503837	2679.343981780168	3304.1267180620757	2843.3216401402588	0.0	3763.2217208321754	3101.56437893229	3246.2843683278593	2952.049657521089	3034.2072147348913	5518.280870952939	2848.4200896682764	2764.80072534699	3274.182203193109	3142.6962168252435	2988.8831293466455	3206.781975286695	4025.774315639604	2740.1959551839564	2686.7908012933353	2785.9165399048625	3391.96551068556	5060.1593794333685	2908.557107009234	4826.283253132065	4066.830264161435	3592.0203474455516	4824.327704237427	3840.207539291796	2719.086160465079	3889.8790589432006	3823.4390509447016	4813.675187037689	3222.9441188918017	3265.3826397173516	4893.160562762228	3928.7945264001505	4874.830476598435	5838.373462512711	3590.6963920058975	4807.894220476405	2753.8025156704975	2751.5143579465666	2955.7329635785686	3609.5659468674453	3539.922026938962	2773.0027961264645	3709.5969731562686	3154.3551848151656	4994.92431677716	3319.944344993897	4354.984032862741	3936.4875178971965
SAR11_ASE_68_50M_BOWTIE2	3882.4983203233833	3749.79232048263	3805.7887744362165	3992.706318695236	3650.813042742887	3829.3449428148	4892.1513454404385	3647.406961419852	3697.8639120439047	3962.916839412493	3625.384069388184	4952.394329614512	3711.112299538397	5293.917021653828	3999.1606896133208	4827.803488231634	5251.610790270363	4014.3801182944267	4170.4045919343935	3621.452809435296	3891.430465054445	3597.514858957564	3620.05577777723	3962.438966392084	3763.020907558041	3763.2217208321754	0.0	3816.651468370753	3792.954244873965	3688.7922979131768	3820.211991894422	5805.247790004348	3744.2805408541326	3712.240499200438	3983.782685335783	3852.069531959531	3748.56445108593	3789.139166006332	4670.50537292182	3691.3556014373216	3620.733747380935	3728.1842373565464	4028.830321121829	5280.330062579353	3720.0119957183197	5265.884393871648	4618.128403694659	4171.566643771097	5226.67474751251	4358.810377515163	3702.086727817293	4299.479424813173	4207.474078217291	5260.182075850636	3980.8269167410676	3907.1573498373978	5148.057603921477	4388.271979570888	5298.614208834467	6177.349704360108	4171.8178348795545	5163.57339619848	3754.585522068662	3684.8537867393843	3721.691680533719	4008.580961826876	4125.472983613694	3675.217483562048	4466.846833033228	4017.655200347741	5274.431590355999	4059.059637038747	4820.766500883802	4424.269567767667
