	SAR11_RED_32_80M_BOWTIE2	SAR11_IOS_57_05M_BOWTIE2	SAR11_IOS_56_05M_BOWTIE2	SAR11_IOS_52_75M_BOWTIE2	SAR11_PON_140_05M_BOWTIE2	SAR11_ANW_146_05M_BOWTIE2	SAR11_PSW_128_05M_BOWTIE2	SAR11_ION_41_60M_BOWTIE2	SAR11_IOS_65_05M_BOWTIE2	SAR11_ANE_151_05M_BOWTIE2	SAR11_ION_39_25M_BOWTIE2	SAR11_PSE_100_50M_BOWTIE2	SAR11_ANW_141_05M_BOWTIE2	SAR11_PSW_122_05M_BOWTIE2	SAR11_ANE_151_80M_BOWTIE2	SAR11_PON_132_05M_BOWTIE2	SAR11_PSW_124_05M_BOWTIE2	SAR11_IOS_52_05M_BOWTIE2	SAR11_ASE_68_05M_BOWTIE2	SAR11_ION_38_05M_BOWTIE2	SAR11_IOS_64_65M_BOWTIE2	SAR11_ION_38_25M_BOWTIE2	SAR11_ION_36_17M_BOWTIE2	SAR11_ASW_78_05M_BOWTIE2	SAR11_RED_31_05M_BOWTIE2	SAR11_ION_41_05M_BOWTIE2	SAR11_ASE_68_50M_BOWTIE2	SAR11_PSE_109_05M_BOWTIE2	SAR11_ANE_150_05M_BOWTIE2	SAR11_ANW_149_05M_BOWTIE2	SAR11_IOS_64_05M_BOWTIE2	SAR11_PSE_94_05M_BOWTIE2	SAR11_IOS_65_30M_BOWTIE2	SAR11_IOS_58_66M_BOWTIE2	SAR11_RED_34_60M_BOWTIE2	SAR11_ANW_148_05M_BOWTIE2	SAR11_ASE_66_30M_BOWTIE2	SAR11_ANE_150_40M_BOWTIE2	SAR11_ASW_76_05M_BOWTIE2	SAR11_RED_33_05M_BOWTIE2	SAR11_ION_36_05M_BOWTIE2	SAR11_RED_32_05M_BOWTIE2	SAR11_PSE_102_05M_BOWTIE2	SAR11_ANE_152_05M_BOWTIE2	SAR11_ANW_145_05M_BOWTIE2	SAR11_PSW_123_05M_BOWTIE2	SAR11_PON_138_05M_BOWTIE2	SAR11_PSE_109_30M_BOWTIE2	SAR11_PSE_111_05M_BOWTIE2	SAR11_PSE_110_05M_BOWTIE2	SAR11_IOS_62_05M_BOWTIE2	SAR11_PON_138_60M_BOWTIE2	SAR11_ANE_004_05M_BOWTIE2	SAR11_PSW_125_05M_BOWTIE2	SAR11_ANW_142_05M_BOWTIE2	SAR11_PON_137_05M_BOWTIE2	SAR11_MED_18_05M_BOWTIE2	SAR11_ASE_70_05M_BOWTIE2	SAR11_PSE_100_05M_BOWTIE2	SAR11_PSE_93_05M_BOWTIE2	SAR11_ASW_72_100M_BOWTIE2	SAR11_PSE_111_90M_BOWTIE2	SAR11_ION_42_05M_BOWTIE2	SAR11_RED_34_05M_BOWTIE2	SAR11_ASE_66_05M_BOWTIE2	SAR11_ANE_004_40M_BOWTIE2	SAR11_PSE_102_40M_BOWTIE2	SAR11_ION_42_80M_BOWTIE2	SAR11_ION_48_05M_BOWTIE2	SAR11_ION_45_05M_BOWTIE2	SAR11_MED_18_60M_BOWTIE2	SAR11_ASW_72_05M_BOWTIE2	SAR11_PSW_128_40M_BOWTIE2	SAR11_PSE_110_50M_BOWTIE2
SAR11_RED_32_80M_BOWTIE2	0.0	27760.8408342332	28282.483113313207	30336.98366866065	26991.299511456746	29268.596591781603	35708.22491491664	27347.652639653938	27861.94812007577	31372.204855950407	26551.28793796777	37248.85670353897	27120.300749485243	38166.11521356764	31742.873004323912	33696.51572572906	37930.23216823158	30196.195724215795	32443.855521913738	26805.12408437203	29395.45789129103	26844.546120581854	26735.601157058514	30240.75051854027	27009.522174500544	27589.4910196667	32330.204902202593	29272.598808522933	30172.380420565845	28534.201605396145	28969.79582267581	41346.7182053787	27881.894940802027	27517.632782961184	29473.793971129802	29484.859102899438	29062.027794569014	29993.21938045967	32766.426277902978	26613.389640604004	26784.1312473635	26766.85609588702	30648.508724044823	38696.775126009416	28545.36305460035	37887.96596179817	34039.618611789905	31975.381710440673	38088.646539451656	33339.23714383547	27260.526519518982	33616.31777072337	33218.98614969737	38008.24121025369	29416.886729873222	30147.902168968318	37914.9075170173	33184.799961074394	38206.80238935485	41490.24617143095	31572.05903831548	38203.58082178262	27596.352504800492	26716.425369610377	28861.629749331663	32102.60634762925	31548.13234793726	27553.129653218264	31509.904566580266	28967.186679708248	38029.003336260386	30013.014286093123	35409.55107552946	33936.66238276844
SAR11_IOS_57_05M_BOWTIE2	27760.8408342332	0.0	27425.01373416117	29944.934327435156	25913.292983290907	28765.244341169357	35162.73874282403	26604.096560603033	27098.867093501303	30899.9170868207	25592.626606701782	36709.52611851387	25847.129495940324	37587.037052468535	31259.152481642963	33293.845097433696	37376.96208331312	29730.560436598083	32000.789215074285	25850.75366182252	28827.02600692738	26002.87904871335	25776.32609837966	29756.81481101372	26855.695922493156	26863.706371404416	31903.07875453296	28554.163149031952	29667.965552766862	27984.512101730965	28362.46634563292	40797.38849957388	27109.1289325605	26619.8563396238	29287.107246080304	28972.555393990693	28429.30036014486	29515.934830528913	32463.68406938112	25793.68213265506	25825.216453667203	26508.813461756552	29952.14510989559	38230.434803588105	27779.492786648	37319.08759262773	33523.31319058921	31332.971984279353	37525.54513742721	32719.377314108813	26356.866930308086	33081.27019827229	32737.936846807454	37439.259718320856	29029.944949926346	29534.57711412363	37472.805320451116	32711.792165744595	37615.715662354996	40944.03398906969	31197.00151603089	37673.53288287236	26864.48432330754	25737.864088405702	28165.984730019725	31625.350072032008	30884.34040046679	26944.319627360925	31075.452330758366	28481.138767676406	37578.86156010102	29612.777139766247	34865.68170163046	33333.851305483164
SAR11_IOS_56_05M_BOWTIE2	28282.483113313207	27425.01373416117	0.0	30264.180119049204	26744.176391852943	29218.963490528724	35308.51922146029	27271.94215275104	27692.116778332456	31314.82221802702	26426.708765912685	36933.325833540846	26765.20617083884	37683.02863761792	31675.552264446233	33488.90040429301	37461.46563293801	30035.394995471517	32403.46242041247	26657.805700485336	29283.86224351285	26727.486678403067	26589.94655643666	30142.897264007966	27453.74604109873	27421.450654723587	32317.21102544672	29085.155032343984	30102.878674341468	28501.134961920437	28788.005684192376	40970.76364077771	27683.276207290866	27220.987485218127	29777.47423527708	29428.394121480273	28961.79994939747	29935.332238907307	32709.871159831033	26630.101618416928	26625.334300696497	27126.14900339012	30450.866120636685	38523.132450195226	28407.76246162933	37430.1652205393	33694.2754108085	31701.183429064095	37651.22843496683	33024.75459832396	27014.14573262268	33400.760873107494	33140.433467985546	37533.74122224773	29412.004668240254	29966.578188706233	37783.15430002521	33033.903089606756	37745.717429391356	41222.77560997074	31488.36898810791	37844.20333320205	27449.223570138704	26627.832842582968	28728.244081365956	32036.466066353532	31362.705720532642	27509.612277728473	31286.39627241886	28839.06389971339	37887.31677080677	29947.128653163243	35032.48476256449	33614.59793207511
SAR11_IOS_52_75M_BOWTIE2	30336.98366866065	29944.934327435156	30264.180119049204	0.0	29558.7444067799	30904.76334909318	36317.33562771397	29622.292103280295	29820.689498618623	32723.629266767286	29198.297563160126	37720.8117828107	29804.714326261947	38574.30892132158	33037.673753794435	34687.40104632217	38336.357949267396	31474.2629933529	33665.90942964247	29346.820394264003	30913.799335304528	29254.402575474258	29323.755221722327	31614.058267648255	29768.418438315795	29792.008019933826	33593.59409797886	31046.463748357648	31616.85077387829	30332.66574901528	30475.194564949754	41755.442111423305	29847.718819198602	29610.189709689508	31435.11235638952	31098.35133031729	30874.26850649689	31454.207212270187	33899.06148755704	29521.649992058745	29341.161813661874	29538.7443728052	32213.87114155266	39416.77960922849	30631.032541539367	38320.805464341756	34949.05034558162	33196.362396292236	38503.16461726475	34263.25771617236	29597.78358061445	34416.373213774226	34422.11932067156	38400.83331961547	30996.61629136878	31622.8163064896	38841.342622486176	34175.62564561324	38611.39935030015	42170.3800805904	32434.54724521826	38613.80225455982	29806.045339422035	29561.616950670195	30683.10048526829	33234.85649047096	33015.47159310167	29586.667923651567	32744.26676758309	30669.353524630715	38935.96783658136	31439.31857937921	36014.575746743205	34783.52621563352
SAR11_PON_140_05M_BOWTIE2	26991.299511456746	25913.292983290907	26744.176391852943	29558.7444067799	0.0	28002.5516752411	34546.916324802856	25275.23616300683	26248.899625462178	29845.7899845361	23946.349384619018	35873.55716684024	24093.245197569937	37001.0270273783	30217.611737724983	33327.65810245107	36793.82201943866	29272.964394730676	31161.776515461075	24028.88189606361	28303.125188267757	24427.414250401933	23815.460529343392	29152.943786664055	25954.20713669001	26002.925339454654	31049.925408136096	27007.77684022241	28725.095464345013	26970.056922023316	27819.910936165863	40022.10360683764	26228.925872609474	25747.499198207715	28431.44893058339	28224.653976521837	27466.239151493905	28580.06857217453	32281.932488196155	24170.599488094384	23904.833708514674	25473.316207267704	28314.080289057998	37360.21289388931	26427.520762318552	36719.284181894596	32979.25087199538	30049.38430163156	36832.08861976902	31661.505564924686	25420.658814422244	32146.948091507595	31732.95692983478	36855.62482269467	28578.33311955636	28314.562328728625	36586.145830189955	31786.836962273355	36915.988578123426	39906.616618696426	30807.89669114341	36916.662244573046	26040.530060104305	23938.696607552287	27178.320998924846	30658.820771782946	29283.037193838238	26010.83704594988	31102.3885309097	28193.056424043363	36673.71930852027	29206.271513883807	34256.644770927574	32362.541871027093
SAR11_ANW_146_05M_BOWTIE2	29268.596591781603	28765.244341169357	29218.963490528724	30904.76334909318	28002.5516752411	0.0	35946.67338088361	28276.75107539391	28729.042624941896	31721.15447892197	27666.563269816867	37248.98717077431	28152.608826670647	38291.53556417284	32042.142393134247	34228.03529855854	38066.93076762856	30914.493405971592	32800.93325609826	27835.46249782926	30109.806399001987	27830.326140326633	27776.569158488037	30775.49248580384	28571.977894488056	28612.583932824447	32710.557279555695	29985.844444890896	30567.929174923323	29092.553753362623	29676.860428135937	41324.137386133894	28738.81267952934	28442.33112765725	30404.616567759622	29910.434450699227	29777.067552264052	30397.901950325217	33365.794770968445	27956.321600720566	27804.40993446895	28287.942181520095	31201.720674050528	38686.5109904208	29218.68687508726	38036.988025697356	34471.13466424021	32416.66862763556	38181.64538034925	33629.815444172156	28308.70974938958	33749.43925978075	33460.760979423394	38125.387889471844	29955.409257395946	30753.002198694823	37979.81346013254	33507.899203494824	38283.696481879124	41543.180896133694	31958.290126046148	38164.58495675522	28632.423921164143	27965.021220473798	29582.217996795178	32334.03062361993	32046.12808275979	28448.003078580372	32318.442675826147	29955.633447019074	38095.216216877896	30763.520427124575	35638.39198999802	34183.85713944633
SAR11_PSW_128_05M_BOWTIE2	35708.22491491664	35162.73874282403	35308.51922146029	36317.33562771397	34546.916324802856	35946.67338088361	0.0	34772.967752235585	35050.31736339751	36962.85847031095	34403.28600192824	39350.64047807485	34839.60248867571	37833.1214807922	37212.35998368665	39448.64594763563	37606.19321555273	36107.09498480919	38022.59535560812	34440.9366725571	36088.19235052985	34393.46399745737	34389.85844156075	36525.3155168299	35181.986752841105	35128.22499097364	37996.65866897994	35017.24351753068	36255.13912461992	35342.23840318876	35648.16434852383	42704.84087685439	35043.13843112096	34878.18387519063	36391.162413647755	36101.55758281432	35797.76256221896	36175.2106269581	38801.49199221071	34717.23620683872	34411.61463895718	34912.69196678152	35883.425485334155	42456.722436154996	35565.36228912428	37646.2022625417	37279.83665697649	35959.8353026779	38452.67880856885	36424.736157337626	34898.849132167095	37572.30928663918	38536.671383641464	37604.47779867651	36211.64413843596	35401.513752787374	42314.02322943899	37581.01991427763	38540.058856453375	44501.2230403764	37172.25261558984	39586.74945167351	35175.975537992555	34669.98356840011	35638.46751244705	37344.21719007407	36633.59225812734	34861.65707422521	37977.65501697573	36112.097953097764	42341.93035409154	36586.80690011937	36626.31270020852	36835.719730541045
SAR11_ION_41_60M_BOWTIE2	27347.652639653938	26604.096560603033	27271.94215275104	29622.292103280295	25275.23616300683	28276.75107539391	34772.967752235585	0.0	26721.49723083925	30219.46045309192	24899.00809103526	36184.070609148934	25511.819913506504	37255.95751910708	30574.50722498205	33426.83816086538	37024.89210606961	29447.863331170665	31390.68746469613	25100.034965745886	28537.440034412917	25194.480316864057	24988.743263983743	29382.1554679683	26477.781463194235	26468.201684129726	31298.79075500814	27887.93979968001	29015.75408619494	27354.981661108883	28070.22926830283	40366.91124584691	26726.98951610145	26333.082401301137	28687.688999190137	28491.852222241767	27877.921256266814	28886.221700165665	32405.648106257708	25312.774976216617	25022.47621101815	26088.978024240078	29288.448186330643	37636.82622042198	27154.92732209086	36971.72747486329	33215.37886415786	30727.446381183054	37117.3893044436	32161.312205852744	26075.12962992099	32444.743600512822	32072.01644893305	37090.63455078332	28726.05064698838	28915.48468010957	36894.4105948161	32157.162783711436	37214.48118575674	40399.33680085393	30856.93324090184	37181.64392109619	26518.136474411305	25209.358390559893	27604.361807431662	30929.508544998433	30213.42463886811	26319.526269295882	31231.518164666602	28394.91049369236	37001.27126255367	29384.268037338315	34448.07420182501	32803.361551420865
SAR11_IOS_65_05M_BOWTIE2	27861.94812007577	27098.867093501303	27692.116778332456	29820.689498618623	26248.899625462178	28729.042624941896	35050.31736339751	26721.49723083925	0.0	30763.110360446546	25861.25875926023	36529.92753189114	26324.958622892773	37492.36580888532	31121.423924462393	33441.39400404327	37258.529062473084	29737.892661039445	31845.4302228335	26102.376238252273	28845.83353621587	26153.944135295875	26023.353063852956	29704.16842203315	27041.92772722265	27063.373793556755	31760.773422958435	28608.307976863267	29571.117939801847	27944.89633647148	28377.95660361956	40670.01965743089	27205.475653017587	26833.413333195407	29248.830872394963	28970.822529371933	28411.932241905284	29408.37594017022	32490.680017366645	26155.523477747764	26081.49385812583	26697.617858260655	29957.791497787104	38052.522263911975	27903.9561265679	37216.84488122027	33513.76425325686	31278.075254906966	37383.48058774332	32609.204724515457	26603.13928871721	32878.13611818983	32596.220812612097	37325.3061192167	29025.334601013044	29497.42920081595	37329.039045281825	32575.351870065144	37497.360622267144	40823.35751749944	31060.060443724273	37485.904844295845	27070.10434985273	26131.396869158787	28176.305378623183	31437.748609953756	30866.303777951918	26971.70904476934	31269.013954764152	28651.639552340737	37432.47146400311	29635.447117616786	34743.76723391206	33215.27914925105
SAR11_ANE_151_05M_BOWTIE2	31372.204855950407	30899.9170868207	31314.82221802702	32723.629266767286	29845.7899845361	31721.15447892197	36962.85847031095	30219.46045309192	30763.110360446546	0.0	29672.319271890578	37699.83297589465	30256.745845729158	39150.43929039655	32276.750347747246	36078.85440970939	38919.00090589714	32766.43239507995	33771.941974605565	29667.269932326173	32118.169250783194	29687.28896889531	29563.6830760535	32462.220833324274	30757.621379899952	30795.485644585857	33719.888883423555	31278.788223990858	31591.556368414735	30805.338478851943	31692.575843898507	41299.65962840306	30777.929840808985	30551.576119826652	32225.168342602814	31860.844896723105	31454.396196590027	31517.002983757062	35356.871871178155	30074.88207126639	29587.683979560396	30453.582966909624	32100.498356693577	38373.73939496769	30941.200204975736	38868.74161433956	35814.84616914013	33353.69385989723	38829.61726300865	34473.07255899452	30468.310199774245	34497.38558613572	33576.22166047495	38989.07142271941	32253.065187045515	31934.233575846298	37826.11993316009	34292.17128404508	38963.21313652133	41465.08572607217	33612.10871100932	38711.93752022968	30830.56054320904	29966.622567774153	31244.838763812462	32692.103754579955	32842.29757909935	30501.874660865364	34574.79335721052	32205.154868453963	37881.11759486646	32778.400571052196	36710.0671076443	35025.983236606306
SAR11_ION_39_25M_BOWTIE2	26551.28793796777	25592.626606701782	26426.708765912685	29198.297563160126	23946.349384619018	27666.563269816867	34403.28600192824	24899.00809103526	25861.25875926023	29672.319271890578	0.0	35860.00329737686	23960.32998778674	36896.297721209994	30044.97850462562	33007.892920799626	36669.506309004704	28941.07867114286	30904.694239827226	23857.009371953674	27922.465580046413	24095.851559642593	23694.144956407632	28819.51974621807	25561.27406688445	25576.018861241326	30817.089740695	27028.572019571802	28467.15143427816	26672.63907100288	27440.779535626865	40067.60022772265	25878.4667849088	25402.276271861785	28078.984434603408	27899.228599232993	27143.113137610027	28309.51340508041	31923.08169965169	23918.314087212235	23746.909957616655	25087.96847438137	28477.7492767855	37283.32314677744	26225.729482627994	36620.65937098112	32805.96289727846	30084.968357829788	36782.60625306714	31647.675592494885	25061.590463331417	32047.304134157126	31560.203113083116	36748.123141883036	28180.439000367518	28253.647653239022	36489.69996650157	31689.757560279984	36866.79004565318	39999.08230326051	30494.80975685835	36886.61080959573	25631.71916764891	23764.467269358458	26849.64259969247	30462.351368154534	29459.18024644776	25563.210077616557	30745.493068675118	27785.09541873745	36578.01162551743	28870.8531540485	34079.57326029922	32336.20890921212
SAR11_PSE_100_50M_BOWTIE2	37248.85670353897	36709.52611851387	36933.325833540846	37720.8117828107	35873.55716684024	37248.98717077431	39350.64047807485	36184.070609148934	36529.92753189114	37699.83297589465	35860.00329737686	0.0	36240.87239308294	40661.09914669452	37858.91592061791	40913.05459061398	40467.176017628364	37759.929738571096	38873.12898527308	35810.39707089829	37537.873976469404	35795.185732984675	35720.203162394515	37792.62101871592	36772.634347609855	36709.52711369356	38873.23437454855	36106.73937588002	37257.61587869537	36611.115695692526	37114.23193892301	43331.471538596496	36507.75426916279	36397.51602944784	37607.32655712143	37403.958895183045	37079.8234625359	37212.849576329856	40234.065626566844	36173.629080006496	35745.09587866533	36468.35086123779	36403.41155616141	42340.78042589501	36801.291990605256	40489.27486726454	39306.54841275058	36976.89256835216	40230.348858937345	37517.679546827276	36452.04395689912	38059.300343092764	39189.562658481314	40502.14441859049	37662.94343889035	36419.1080551065	42579.685849365276	38221.737489175466	40374.085011171715	44103.82627283762	38340.65043985072	40186.014637488195	36772.2625050523	36067.00248096343	36907.93507191624	37997.30497372263	36988.421369309515	36392.950459289474	39609.121950065084	37793.68679792343	42593.692049211255	38056.0983647597	39212.285791083705	37933.87835145973
SAR11_ANW_141_05M_BOWTIE2	27120.300749485243	25847.129495940324	26765.20617083884	29804.714326261947	24093.245197569937	28152.608826670647	34839.60248867571	25511.819913506504	26324.958622892773	30256.745845729158	23960.32998778674	36240.87239308294	0.0	37223.41207341055	30625.245501867328	33292.07017270748	37033.28056667385	29540.744440618204	31471.188725225547	24314.832826074362	28439.549607407826	24685.205037633943	24130.935885848357	29309.38361796553	26005.38978814607	26080.706001465052	31382.57183877877	27614.51733345415	29065.85294173839	27225.390835644946	27940.00228302781	40350.73836789967	26297.249137825627	25747.58899504062	28629.17280959082	28392.0407156442	27678.103325793898	28926.03779476443	32311.430905987392	23931.372699388157	24210.230093333244	25498.594171389854	29002.28482164621	37648.65333873438	26555.447284429592	36973.38260419643	33247.24347052555	30630.52288448158	37155.75151202191	32165.60630749631	25428.59037345607	32550.48526170081	32114.268005494352	37099.11134850769	28654.07904007071	28883.243987303576	36865.75894291373	32195.753404046143	37242.433740492204	40226.451302548616	31028.329430597758	37245.79200708896	26062.96698622758	23725.623192912204	27413.672730805094	31055.901468153654	29941.59257376342	26224.03664049797	31105.92311643034	28326.03480551938	36956.36830193688	29382.90783121067	34549.22843692646	32832.493763679646
SAR11_PSW_122_05M_BOWTIE2	38166.11521356764	37587.037052468535	37683.02863761792	38574.30892132158	37001.0270273783	38291.53556417284	37833.1214807922	37255.95751910708	37492.36580888532	39150.43929039655	36896.297721209994	40661.09914669452	37223.41207341055	0.0	39349.42790778154	41461.97333340725	37720.36400703691	38321.26150473016	40173.60173351791	36941.23771985492	38423.29912288903	36898.2679863057	36869.112706399246	38803.238453545426	37668.11309925698	37590.498099875476	40146.73476972571	37260.926005970294	38538.76096952622	37752.893606304526	38009.86189380567	43599.8310297649	37484.07532070838	37343.710517862695	38748.112328532814	38451.42645820402	38192.71195855196	38480.91277294649	40901.8860075893	37191.80640470759	36892.62522532604	37405.32292233925	38044.65496943289	44148.449117723074	37961.588604044744	37811.4029981334	38796.94487869133	37871.300452606105	39072.09419469518	38127.42212217696	37371.54464726415	39476.63103191908	40635.560213495235	37615.278277562145	38550.65736632529	37599.058750269614	44073.56929863754	39540.70814139037	39221.69594683679	45933.71515143063	39349.05103454993	40610.19003931707	37638.06408271398	37134.581663053286	38022.93837420527	39467.4668595039	38732.925333984575	37373.13031720001	40118.96250435429	38497.904637617736	44113.18888887017	38875.03564578442	37755.6164849614	38450.98495653734
SAR11_ANE_151_80M_BOWTIE2	31742.873004323912	31259.152481642963	31675.552264446233	33037.673753794435	30217.611737724983	32042.142393134247	37212.35998368665	30574.50722498205	31121.423924462393	32276.750347747246	30044.97850462562	37858.91592061791	30625.245501867328	39349.42790778154	0.0	36422.7474333249	39147.10173686105	33111.28551456852	34045.76628128746	30040.314807884864	32442.68013000989	30051.188493155856	29927.839473498825	32796.828083181645	31139.030223011116	31155.64611462908	34028.84987009718	31617.355082842943	31913.010032233444	31141.857906927093	32026.514895208154	41510.16281618619	31117.34487059332	30915.284457435588	32540.927871163152	32206.731435435224	31783.36434622068	31830.729616785167	35660.1562765539	30425.931702465365	29958.33873116373	30823.134050687255	32399.54371754642	38513.6577979015	31261.471062682656	39092.38573339149	36098.88880018492	33636.41930085047	39035.91209331528	34732.477699729374	30848.848511806795	34710.32584260929	33863.622057881184	39204.51616772861	32579.174364708855	32240.827444498438	38118.224984181565	34552.17766828926	39167.794757700976	41611.91917360567	33892.3700171882	38881.88046312513	31219.169927101448	30325.355703168494	31591.06510708381	32939.48663732076	33106.85730409536	30867.660608230064	34913.0472329328	32567.861502971482	38140.63771129544	33125.251755833335	36954.9062356711	35260.963748084076
SAR11_PON_132_05M_BOWTIE2	33696.51572572906	33293.845097433696	33488.90040429301	34687.40104632217	33327.65810245107	34228.03529855854	39448.64594763563	33426.83816086538	33441.39400404327	36078.85440970939	33007.892920799626	40913.05459061398	33292.07017270748	41461.97333340725	36422.7474333249	0.0	41283.53237101755	34633.62354276346	36950.39872129943	33217.57999732439	34202.63239763871	33145.12305668676	33184.36438728402	34504.59682289943	33164.44871217565	33125.82640457486	36886.208976773516	34773.336203035105	35094.27715848178	33946.68336913211	33821.96018289181	44040.3817107731	33474.55670871395	33176.85847285015	35075.11283204507	34396.002609015784	34536.559101069746	34894.86635721986	35518.681391020924	33170.1664024861	33218.091323400186	33002.74576917031	35830.18235856846	42081.006135416465	34231.78071606603	41249.264470830756	37794.445276454215	36746.48492995151	41497.709507429856	37723.462261082655	33088.55049040696	38000.559263818686	37297.085334833275	41353.095254827116	33953.83952705837	35302.66909999092	41212.26532797938	37348.71130853402	41602.6002364317	44896.105570874315	35498.22227520219	41691.77027153816	33151.92903465385	33273.987122769846	34368.98568300817	36690.624416024904	36587.76144512361	33377.443848003575	34596.114294591964	33338.2924775955	41240.82834097384	34255.27135060861	39205.67107139491	38220.53312998476
SAR11_PSW_124_05M_BOWTIE2	37930.23216823158	37376.96208331312	37461.46563293801	38336.357949267396	36793.82201943866	38066.93076762856	37606.19321555273	37024.89210606961	37258.529062473084	38919.00090589714	36669.506309004704	40467.176017628364	37033.28056667385	37720.36400703691	39147.10173686105	41283.53237101755	0.0	38102.23293037841	39964.72784273558	36705.87915304085	38196.334931833946	36656.94231994983	36646.97656217571	38556.42244650399	37427.16216964668	37365.95887181703	39934.30535768195	37020.168838642465	38298.56178473596	37512.65280956759	37774.55190150026	43495.70454674712	37249.309687362584	37099.3795466459	38526.65739496684	38217.797128395534	37964.952435673586	38244.66234050569	40689.8872330728	36964.25282442919	36664.078118707526	37173.01415217459	37818.845821329145	43964.071602550095	37736.37013731776	37660.65994337852	38666.019933519754	37655.3155689655	38907.23486594444	37885.54618431915	37140.92969565389	39243.30571849318	40429.131015652085	37424.84071734888	38311.64579997882	37360.91190436585	43915.54145545101	39328.92310520353	39092.49659541202	45828.2097063232	39115.09254765799	40450.23935558905	37412.56205159556	36924.168934150926	37794.72765121662	39247.60692679123	38498.64124084192	37120.06292294231	39947.070402595964	38273.31701615839	43958.06358926265	38647.68534871145	37554.62027019061	38241.24796913033
SAR11_IOS_52_05M_BOWTIE2	30196.195724215795	29730.560436598083	30035.394995471517	31474.2629933529	29272.964394730676	30914.493405971592	36107.09498480919	29447.863331170665	29737.892661039445	32766.43239507995	28941.07867114286	37759.929738571096	29540.744440618204	38321.26150473016	33111.28551456852	34633.62354276346	38102.23293037841	0.0	33756.850662547775	29058.466472967593	30945.252495116798	29037.564197755848	29037.52962674691	31668.13383108872	29551.032707764483	29530.510096154616	33686.65037918669	30813.00070790329	31655.938244339195	30310.889189747784	30509.142720423002	41674.41519286214	29755.51643946378	29476.794628895004	31478.43106879064	31128.382470086835	30829.966538809706	31502.01503632229	33917.44535424071	29253.247840677734	29058.019255630563	29352.795897425924	32008.858344796576	39572.56544506506	30488.48123852432	38062.54932875441	34597.85219038134	33000.778121945994	38313.79937187408	34131.685117803514	29364.262873640644	34531.99449858062	34483.573324676036	38180.46413290531	31009.636042151647	31447.304890564672	38928.17498344608	34163.88045542057	38412.11767059477	42160.83234308006	32646.033918597168	38588.83476612566	29552.871969823776	29311.078393115255	30626.250023520963	33366.91140180543	32876.69578069667	29488.996161689207	32515.8932879627	30436.77099960854	39015.24181121224	31372.17284105729	35815.25449933866	34691.259733546576
SAR11_ASE_68_05M_BOWTIE2	32443.855521913738	32000.789215074285	32403.46242041247	33665.90942964247	31161.776515461075	32800.93325609826	38022.59535560812	31390.68746469613	31845.4302228335	33771.941974605565	30904.694239827226	38873.12898527308	31471.188725225547	40173.60173351791	34045.76628128746	36950.39872129943	39964.72784273558	33756.850662547775	0.0	30944.78780415865	33099.10330861586	30963.14506955732	30887.276617512915	33565.48583197041	31866.991998060625	31884.160358012203	34645.46604979371	32707.156725963803	33003.56897614605	32052.419510296153	32678.901756169544	42334.748695763315	31852.067847699986	31668.049065658684	33209.53674962808	32947.422218600186	32513.90702245299	32891.46539114113	36241.13901897986	31254.70228540805	30921.421913073485	31576.783672832327	33671.31602003448	39618.551918719626	32175.335666649222	39921.00359783624	36835.3221693153	34759.55855052624	39944.501255409145	35810.27038741945	31586.62647890545	35749.06480473035	35049.104269407035	40033.08842419726	33250.302956669446	33309.215073329186	39036.53382700369	35563.32628917771	40072.57744815188	42601.09251296186	34545.175373846796	39775.32352153259	31906.342310117056	31209.287710731016	32321.83265419525	34249.67658534244	34372.06597634064	31578.974748131794	35422.29372787884	33164.977865518005	39071.40354334237	33757.20597645499	37763.119879564954	36308.33319425699
SAR11_ION_38_05M_BOWTIE2	26805.12408437203	25850.75366182252	26657.805700485336	29346.820394264003	24028.88189606361	27835.46249782926	34440.9366725571	25100.034965745886	26102.376238252273	29667.269932326173	23857.009371953674	35810.39707089829	24314.832826074362	36941.23771985492	30040.314807884864	33217.57999732439	36705.87915304085	29058.466472967593	30944.78780415865	0.0	28108.693643123133	24149.30543815998	23561.17851911695	28971.87824318389	25794.40414162539	25835.90282003084	30849.65318696489	26942.660532266596	28492.57721454508	26755.80225145614	27645.76090105096	39988.8854677453	26088.047520486416	25636.88564964474	28220.539106216253	28042.83159282339	27296.98418216291	28369.71387624418	32110.99366103834	24178.083333108956	23617.080408006634	25334.376465980353	28272.994176314405	37245.39696270389	26310.308999744666	36632.45681808883	32872.869145865465	30002.9097837147	36766.863674384156	31575.59405713448	25328.87067163916	32011.121310058028	31558.5563503161	36769.64277058089	28392.255793561424	28199.56765299406	36466.01394706782	31664.903098554263	36856.55674600177	39876.94970122765	30609.04267294033	36849.267824506016	25909.788578346557	23972.299204954572	26992.5467901166	30451.09878174411	29240.934569579837	25786.996099980388	30976.298078699485	27997.252134913233	36577.28724318993	29009.594275167026	34130.96441365203	32287.58134689878
SAR11_IOS_64_65M_BOWTIE2	29395.45789129103	28827.02600692738	29283.86224351285	30913.799335304528	28303.125188267757	30109.806399001987	36088.19235052985	28537.440034412917	28845.83353621587	32118.169250783194	27922.465580046413	37537.873976469404	28439.549607407826	38423.29912288903	32442.68013000989	34202.63239763871	38196.334931833946	30945.252495116798	33099.10330861586	28108.693643123133	0.0	28088.63290405966	28064.599471934012	30959.649406317225	28708.368117924663	28746.31287451059	33021.85741081992	30235.985563684848	30965.28485319177	29496.653777601725	29716.937875163043	41616.7080508084	28837.77830642647	28560.813074670292	30680.810565870892	30319.872397870844	29991.70755403919	30795.156508986864	33385.47369528787	28214.48079478714	28107.798183579915	28433.548195273164	31506.24601307321	39109.0125546778	29600.399363994104	38173.27657567142	34569.128703813076	32650.468833291932	38350.14498136042	33844.11016210748	28419.350135977205	34052.78240565235	33871.22387710125	38264.156857002316	30271.788459917312	30968.792480826753	38427.33251006922	33725.453471187066	38446.75374709156	41844.6154063938	32078.848756568466	38436.19268965653	28748.448446733622	28250.320697682808	29773.70458853069	32711.43882406361	32358.34909736784	28615.593153732174	32180.531833257657	29883.26116153393	38540.934047237846	30807.173794570976	35772.96853754962	34409.632197253806
SAR11_ION_38_25M_BOWTIE2	26844.546120581854	26002.87904871335	26727.486678403067	29254.402575474258	24427.414250401933	27830.326140326633	34393.46399745737	25194.480316864057	26153.944135295875	29687.28896889531	24095.851559642593	35795.185732984675	24685.205037633943	36898.2679863057	30051.188493155856	33145.12305668676	36656.94231994983	29037.564197755848	30963.14506955732	24149.30543815998	28088.63290405966	0.0	23975.29075372924	28935.215781976836	25900.640263310273	25912.555444556492	30856.231053654574	27132.53886186133	28506.766256895266	26797.372636607248	27605.711666530562	40017.7225861705	26147.18699780447	25731.52270322884	28246.206061074707	28047.688499721964	27324.622963582515	28375.453177077925	32067.16255450389	24492.96873978003	24025.17917120265	25473.438852595515	28497.283180241528	37259.25954309328	26470.33396550111	36610.044574116335	32850.36246018655	30093.857708163712	36738.82266590918	31622.574202322012	25454.6435838424	31993.005916086713	31581.720803099917	36731.913711028166	28324.879272146536	28273.19243109694	36493.379856486856	31681.939302970964	36831.380375464956	39999.38222533832	30533.79110129501	36833.48553125604	25987.366938365685	24309.14249042097	27050.813500336513	30451.67780441734	29455.703155286097	25786.26168679493	30932.20781021833	27983.48537349838	36593.146152478854	28967.955915069168	34084.092643878445	32293.191017329285
SAR11_ION_36_17M_BOWTIE2	26735.601157058514	25776.32609837966	26589.94655643666	29323.755221722327	23815.460529343392	27776.569158488037	34389.85844156075	24988.743263983743	26023.353063852956	29563.6830760535	23694.144956407632	35720.203162394515	24130.935885848357	36869.112706399246	29927.839473498825	33184.36438728402	36646.97656217571	29037.52962674691	30887.276617512915	23561.17851911695	28064.599471934012	23975.29075372924	0.0	28929.633832142274	25710.156588807633	25759.71345559836	30793.374358336423	26762.58080759599	28423.595941512995	26674.520992810754	27596.366592328926	39914.792480273914	26019.3739475588	25547.0915837136	28186.08929566912	27996.945621145635	27186.59474666253	28285.0885722115	32121.0879510153	24009.233419878594	23357.15018997775	25229.365875811207	28075.825002173893	37157.738508314695	26183.36407974231	36589.879229704144	32819.09550645272	29860.55244345776	36703.73210831012	31467.486258839435	25256.750602419255	31916.345162777143	31459.640783500512	36726.90958080962	28348.388612377163	28053.210156785095	36379.16716162285	31568.561473619633	36805.05660625703	39773.41447374585	30597.579503010988	36786.41388150068	25853.159598292536	23738.257989421953	26907.985024441103	30369.17717110701	29049.065940619734	25732.1594193981	30977.569262137746	27985.119863767748	36458.83645724677	28990.79422636505	34089.84515856848	32184.5842338652
SAR11_ASW_78_05M_BOWTIE2	30240.75051854027	29756.81481101372	30142.897264007966	31614.058267648255	29152.943786664055	30775.49248580384	36525.3155168299	29382.1554679683	29704.16842203315	32462.220833324274	28819.51974621807	37792.62101871592	29309.38361796553	38803.238453545426	32796.828083181645	34504.59682289943	38556.42244650399	31668.13383108872	33565.48583197041	28971.87824318389	30959.649406317225	28935.215781976836	28929.633832142274	0.0	29568.66415757153	29599.55230165487	33488.98045938411	30869.794505465976	31426.18323672027	30133.498613145366	30515.314524273224	41695.25683561721	29728.151740584373	29473.8390150881	31423.526528020946	30978.393239127086	30729.568174746048	31275.57824102788	33802.96822652103	29132.066662167857	28941.714450239015	29318.574209920414	32024.252145360482	39207.238653459215	30316.202908354564	38531.929057668196	35123.98217213029	33137.443768595265	38663.4795656265	34287.83150009558	29355.93349103733	34466.80338123138	34115.50795109767	38628.11214748027	30960.155837207847	31555.222483196885	38498.0283666927	34133.99495847579	38782.039565148356	42038.18059985258	32627.901379087096	38726.34691845311	29626.301217138924	29133.216892984245	30513.820396853996	33057.713114724625	32831.20941711513	29508.74277388571	32902.67553251086	30716.29483384613	38589.104838255895	31463.022130507263	36228.884862967105	34809.389452759824
SAR11_RED_31_05M_BOWTIE2	27009.522174500544	26855.695922493156	27453.74604109873	29768.418438315795	25954.20713669001	28571.977894488056	35181.986752841105	26477.781463194235	27041.92772722265	30757.621379899952	25561.27406688445	36772.634347609855	26005.38978814607	37668.11309925698	31139.030223011116	33164.44871217565	37427.16216964668	29551.032707764483	31866.991998060625	25794.40414162539	28708.368117924663	25900.640263310273	25710.156588807633	29568.66415757153	0.0	26722.220168800664	31744.51227489118	28464.069177534213	29516.180689795015	27804.11416062355	28268.757909577984	40887.62795885931	27052.964592958957	26624.85934491724	28838.660959223747	28783.292661004118	28308.279007543282	29316.215856382118	32201.097516760594	25478.344017524123	25757.090012943183	25803.930495010794	29888.892759095812	38248.70614097453	27693.53265622092	37388.164735789294	33490.80311296785	31296.999049597234	37610.770758669074	32731.988003489827	26336.093804543307	33062.9034935379	32633.482147684063	37502.10104222598	28774.32164978751	29446.15782457223	37443.55462624622	32638.079455282295	37716.45287141783	41045.24270748831	31018.6886173137	37729.68966718927	26744.80024067687	25571.63499006577	28104.727472233186	31533.67292515898	30830.89129656867	26744.06317941153	30945.985312262597	28280.568187730314	37535.68886795546	29403.425039026457	34865.00640047039	33352.71350885416
SAR11_ION_41_05M_BOWTIE2	27589.4910196667	26863.706371404416	27421.450654723587	29792.008019933826	26002.925339454654	28612.583932824447	35128.22499097364	26468.201684129726	27063.373793556755	30795.485644585857	25576.018861241326	36709.52711369356	26080.706001465052	37590.498099875476	31155.64611462908	33125.82640457486	37365.95887181703	29530.510096154616	31884.160358012203	25835.90282003084	28746.31287451059	25912.555444556492	25759.71345559836	29599.55230165487	26722.220168800664	0.0	31799.455072100944	28499.557045110298	29522.628922939755	27846.736882863093	28269.02266453452	40809.2336850259	27077.392651825598	26646.270180640095	29166.234113739185	28835.70201110411	28322.862252410283	29370.260818240044	32255.190722369247	25893.54295313501	25809.454332432913	26383.164646242538	29929.397546299104	38197.26587477065	27717.986979202713	37320.874548496045	33409.82644998505	31286.952093283322	37534.142800113594	32688.964099349083	26362.954086221645	33056.03814790159	32624.663684938376	37454.214857740466	28822.531713214903	29436.67361316654	37394.9946083072	32651.25053097297	37628.19677533063	40964.61237404224	31067.919691592335	37688.564088026906	26656.247237195086	25892.37566869047	28090.33690217735	31548.308061181862	30868.229543341815	26733.0123071585	30839.16323793256	28222.89359631812	37505.005444265116	29386.60174727113	34829.27986654855	33316.40882448473
SAR11_ASE_68_50M_BOWTIE2	32330.204902202593	31903.07875453296	32317.21102544672	33593.59409797886	31049.925408136096	32710.557279555695	37996.65866897994	31298.79075500814	31760.773422958435	33719.888883423555	30817.089740695	38873.23437454855	31382.57183877877	40146.73476972571	34028.84987009718	36886.208976773516	39934.30535768195	33686.65037918669	34645.46604979371	30849.65318696489	33021.85741081992	30856.231053654574	30793.374358336423	33488.98045938411	31744.51227489118	31799.455072100944	0.0	32620.190979375853	32930.01876472118	31959.370344065956	32615.341948192065	42344.323830673355	31780.632848086472	31567.57982153914	33103.6491201115	32859.89460261829	32433.48180102562	32817.53196005378	36164.23496369357	31158.356734032932	30818.452023785427	31475.783116284725	33570.568978686664	39608.88006133	32105.890511924023	39896.604351015565	36802.92644893688	34704.74509978813	39956.58798828541	35759.16937185595	31474.397031594443	35713.81454058673	35047.832295634566	40014.45929420073	33152.51229985556	33245.95821341969	39021.39795935429	35483.10350807139	40072.06326067567	42617.28056734345	34472.95634013142	39781.52950161979	31824.808004631195	31102.185102501982	32261.944321809893	34185.57409193185	34290.17457018275	31495.084055267886	35327.77900041619	33099.87602224032	39044.49144069609	33661.57915267263	37725.19983154401	36250.34742360516
